[0 0 0 0 0 0 0 0 0 0 0 0 0 0 0 0 0 0 0 0 0 0 0 0 0 0 0 0 0 0 0 0 0 0 0 0 0 0 0 0 0 0 0 0 0 0 0 0 0 0 0 0 0 0 0 0 0 0 0 0 0 0 0 0 0 0 0 0 0 0 0 0 0 0 0 0 0 0 0 0 0 0 0 0 0 0 0 0 0 0 0 0 0 0 0 0 0 0 0]
[0 1 1 1 4 1 36 1 2 9 8 3 20 1 80 3 2 1 24 1 1 1 308 3 1 2 18 2 1 140 12 2 1 3 35 2 1 4 4 1 2 28 3 1 1 40 1 12 1 1 100 4 1 12 1 4 6 1 1 21 76 1 2 1 4 1 84 10 6 1 1 3 5 3 4 2 1 2 8 1 1008 3 5 1 1 1 8 90 1 1 18 1 6 1 2 4 1 2 0]
[0 10 10 3 1 1 3 30 96 4 1 1 9 120 1 2 42 1 2 6 4 4 1 7 1920 12 1 80 2 1 9 2 32 2 4 1 216 72 1 40 2 20 1 8 1 2 90 3 1 1 3 100 4 2 4 48 2 2 240 1 1 24 30 2 1 6 4 3 1 1 80 2 2 2 4 10 72 1 2 6 6 1 1152 80 4 8 1 4 1 32 1 24 48 2 6 1 1 10 0]
[0 1 2 27 12 1 270 2 1 18 4 1 8 1 30 36 2 1275 12 4 1 2 200 3 2 1 588 2 6 16 1 2 3 198 1 90 1 4 12 1 90 1 18 4 3 9 6 18 1 24 132 2 72 1 16 3 72 3 4 1 12 1 2 72 9 3 1 3720 3 18 1 6 27 1 1 24 1 1 27 2280 1 4 1 12 1 36 12 8 120 4 1 1 1 8 1 126 1 6 0]
[0 1 6 1 1 36 2 1 18 72 3 54 1 1 9 1 1 32 2 1 4480 1 8 3 24 1 4 1 384 1 4 6 8 1320 4 2 10 1 1 12 1 96 15 1 8 45 1 2 240 2 12 1 2 600 1 1 6 2 30 9 12 2 2 1 8 2 48 1 16 4 112 1 36 12 2 1 30 4 2 1 4 2448 1 2 6 3 2 1 3 8 3 4 1 240 2 2 4 2 0]
[0 2 12 4 1 6 1 70 1 14 60 1 18 1 2 8400 12 3 12 4 1 120 1 4 2 36 30 2 2 224 10 5 72 1 4 1 20736 2 8 1 4 10 1 12 2 1 140 1 1 3 4 4 1 147 1 1 3 1 10 1 216 6 1 90 2 1 45 24 1 21 84 2 2 2 1 140 3 90 1 6 360 6 3 1 3 30 1440 2 8 40 1 12 6 6 10 1 20 1 0]
[0 1 2 18 9 10 3 175 3 1 1 3 150 4 1092 1 1 3 4 240 16 1 20 1 1 3 1 1944 2 1 540 24 3 12 6 120 1 24 1 2 252 1 60 1 12 1 1 105 2 2 24 1 90 1 1 24 180 2 2 1 4 12 8 1 9 18 2 1 2880 6 1 12 12 36 24 6 2 1 480 1 8 1 16 3 504 1 2 1 2 1 30 84 1 1 24 36 2 3 0]
[0 10 6 9 1 1 6 1 18 1 4 18 2 195 56 1 8 1 168 245 1 24 1 6 2688 2 2 1 2772 1 2 1 3 1 1 42 6 27 21 10 1 162 8 4 1 2 20 60 3 686 1 42 6 2 3696 1 4 7 432 6 1 1 2016 4 20 1 4 1 2 1 2 1 2 5 80 1 2 1 40 1 4 6 1 875 1 8 1 48 1400 1 144 2 2 6 1 2 36 3 0]
[0 1 2 2 1 8 60 1 96 1 72 1 2 6 42 1 18 75 1 4 4 1 6336 2 1 12 1 80 1 1 12 2016 1 8 1 8 1 4 35 4 6 1 1 2064 32 1 1 3 32 12 12 72 1 3 9 4128 1 8 1 56 30 12 1 4 1 48 4 1 12 2 240 2 64 1 1 24 64 504 1 40 1 48 36 1 4 2184 3 1 2 1 4 1 4 720 1 2 6 2 0]
[0 45 1 2 108 1 100 24 1 1 1 297 72 1 54 8 2 54 1 1 3 8 1 4968 2 216 1 4 2 864 1 2 9 400 24 1 1 3 10 9477 1 1 108 9 4 5 405 2 1 231 2 8 1 1 2 1 32 1 8 1 26334 2 80 2 10 2 1 16 4 45 1 2 360 1 12 1 1 6 5400 1 4 6 2 1 36 2 576 8 2 243 16 4 1 8 30 1 4 1 0]
[0 10 6 30 1 12 1 1 10 20 1 20 1 6240 3 1 2 24 12 2 18 2100 8 1 12 1 100 128 4 1 6 6 1 1 3 24500 3 18 1 2 4200 36 1 4 1 12 1 6 6 12 1 2 600 144 1 4 1 2050 1 16 3 1 1 140 20 30 10 1 48 2 8 270 4 1 360 1 88 1 2 2 80 1 56 18 1 2 1 2 1 49 80 8 64 1 8 1 48 30 0]
[0 6 2 1 297 30 1 45 2 1 27 3 8 1 18 6 18 1 2 24 880 1 2 6 480 2 16 1 1 6 3 1 4 6 660 1 24 407 462 3 1 1 48 2 2 3234 2 1 36 3 2 2 28 5 40 18 5 16 4 44 1 660 16 1 2 2 7040 6 32 1 2 18 2 1 24 1 24 189 12 2 1 27 1 2 297 12 1 165 8 2 80 1 1 4 1 75 3 2 0]
[0 1 720 8 2 1 6 20 96 24 2 72 1 8 1 4 1 54 10 1 160 6 32 2 1 6 64 4 2 9 2520 16 6 12 1 16 1 252 10 6 12 2 1 432 3 2 18 432 1 12 2 1 6 1 4 1 972 6 1 30 9 2 1 30 8160 1 2 3 1 175 44 1 18 12 1 70 2 6 1 1 30 1056 768 100 1 4 1 8 15 1 8 756 36 2 1 162 1 1 0]
[0 80 5 3 1 2 40 1 8 3 1 2 324 6 2 24 3744 2 520 2 1 12 1 160 1 520 2 1 90 48 90 26 1 182 624 5 32 4 1 2 4 6 320 1 156 2 1 45 6 1 2 80 130 1 12 1 2 18 2 1 96 8 6 1 2 1352 4 806 8 1 4 156 2 2 180 6 2 1 6 2470 2 2 1 6 8 1 8 3 630 12 1 24 1 32 1 8 1 36 0]
[0 1 2 84 3 490 28 1 6 2 98 8 1 1 18 12 6 1 9 49 12 1 88 1 60 1 5096 168 1 1 3 80 42 18 1 2 700 1 1 12 24 1 4 72 1 4 100 2 112 8 56 1 66976 1 1 108 1 1 42 48 1 2 630 2 12 1 1 155 1 12 3 1 1 36 1 1 27 6 60 1 1 6 8 1 2352 12 1 48 1 2 18 1 4 4410 48 1 48 1 0]
[0 30 2 1 8 1 30 1 6 1 2 80 18 2 1 1350 1 16 1 2 1 54 32 2 2 8 1 12 1 4 48 1 1 1 24 1 576 9 6 1 3 30 1 2 11880 2 16 1 4 1 1260 1 4 1 16 1 18 25830 1 1 2 8 2 1 14 2 108 21 8 1 450 2 630 4 1 6210 3 1 2 18 270 3 1 2 3 21 2160 3 1 2 3 420 1 8 1 720 2 8 0]
[0 3 2 18 128 1 12 4 2 24 2 8 1 96 4 270 2 2688 1 6 2 16 1 4 1 16 12 1 1 464 51 20 2 8 1 8 5 24 4 4 6 6 4 1 3 1 1 33840 4 84 2 1 20 6 9856 1 8 5 32 10 28 1 2 1 960 1 1 9 1 1 48 1 48 1 12 1 8448 2 8 2 2 4 96 32 12 1 2 528 12 3 240 1 16 1 4 3 1 1 0]
[0 1 1 3 60 4 1 510 3 36 6 1 1 8 1 8 6 1 1080 1 36 1 8 21896 18 2 1 24 1 4 6 1 680 1 1 1 2448 1 72 1 340 408 1 2 1 408 340 3 1 1 16 9 30 4 2 612 2 1 204 1 2 12 544 2380 1 72 1 8 153 10 1 6885 1 18 12 8 1 2 6 5 1 1 1 8 12 1 8 11 2 224 1 8 1 32 6 2 12 1496 0]
[0 1 384 3 1 1 24 2 60 1 2 6 9 2106 378 1 80 6 12 1 4 84 2 1 2 900 4 40 22 1 4 80 1 2 15 10 288 96 1 108 1 10 20 30 720 1 2 9 32 2 30 126 6 2 1 12 8 1 1960 1 12 1 40 2 1 4 72 1 2 270 8 1 4 1 540 1 4 36 1080 6 36 2 4 1 8 36 1 66 1 1 48 1 72 1 42 2 1 15 0]
[0 6 1 1710 2 2 105 1 2 24 2 4180 2 16 2 2 1 2 5 6 1 1596 76 1 152 3 1 2 171 16 1 6 12 1 36 1 2160 1 1 3 1 1 6 1 4 1 2 1 1 26 2 2115 1 38 21 1 6 12 1 9 2 98 3 5 3 1 4 2 112 2 1 72 27 4 1 16 704 1 1 1 4 1 108 6 1 3 30 1 4 513 15 32 2 2 1 20 38 1 0]
[0 10 4 30 1 36 1 4 12 1 36 1 1 130 1 2 24 1 432 1 6000 1 3 1 1 150 2 18 2 2 3000 240 1 120 240 6 2 1 17280 1 48 2 1 8 144 3 24 1 16 16 1 8 2 4 4 2 24 1 24 2 1 48 2 2 4 17820 1 1 6 1 300 1 2 1440 1 2 2 48 2 6840 1 96 2 1 30 12 4 4 7 288 2 1 2 8 3 12 4 2 0]
[0 84 1 1 3 896 10 24 1 32 14 264 6 1 135 15 1 12 3 105 4 2 2772 1 8 8 1 8 1 32 1 90 2 6 4 1 36 6 1 72 1 72 1 1 1 8 1 480 1 1 90 1 2 2 1 880 1 72 1 10 9 1 1 384 20 6 5376 6 12 15 2 4 1 4 45 72 1 2 108 4 60 1 5376 1 1 1 1 210 2100 1 1 6 84 35 1 2 2 1 0]
[0 6 2 12 1440 18 2 1 24 1 4 1 72 8 1 2 864 1 4 54 1 3 1 1 3 1 224 1 59136 2 1 3 60 6 1 4 1 24 1 12 720 1 64 12 2 1 60 3 44 44 1 6 50 6 2 2 2 15 2 1 924 2 9 1 1 12 1 4312 1 4 1 16632 1638 2 4 1 6 4 4 1 6 8 24 3 4 4 2 4 2 1 704 44 528 18 1 20 16 4 0]
[0 1 30 1 40 2 2 4 1 18 19320 4 3 1 4 6 1 1173 2 1 9 24 1 24 144 4 1 120 1 5336 3 3 2 24 6 3 40 4 1 3 1 11316 1 10 75 3864 2 1 2 2 5 1242 2 1 345 989 69 2 1 1794 1 1 120 1 1 1 72 1 4 63 2 30 1 4 1 4 84 189 1 8 1 16 4 1 2 624 1 2 9 108 1 1 45 1 60 2 1 25 0]
[0 28 4 1 2 8 1 18 1536 1 2 1 1920 6 12 1 1152 1 24 48 48 4 6 1 2 4 40 3 576 1 6 1 1 3 68 72 3 1 16 2808 96 1 192 1 1 3 384 1 288 1 480 2 288 1 1 48 2 192 1 480 3648 8 1 24 3 90 1 20 144 2 576 1 24 2 13824 9 4 1 72 1 4 4896 1 16 1 1 250 32 4 1 8 420 4 4 1 2 20 4 0]
[0 2 1 15 30 2 2 6 1 900 1 168 2 1 6 2250 2 6 6 2 1 192 3 32 2 8 1 1 6 116 80 1 50 12 1 2 30 6 1 2 4 10 336 100 3 6 1 600 2 24 3 1 2 6750 8 1 1 1 210 3 2 50 64 1 800 1 4 1 56 1 12 1 1 6 1 8050 1 8 1 120 1 1 84 200 1050 2 5 3 1 2 1 45 1 6 300 18 1 6 0]
[0 30 32 9 1 4 210 1 576 1 2 6 1 2 6 1 2 9 1 3192 6 4 1 40 1 216 1 8 1 4 1 744 2 1 13260 1 1 234 2 1 12 6 1 24 1 1 12 8 1 4 3 12 2 9 12 1 78 16 2 1 30 1 6 6 3 34320 6 2 2 6032 1 24 3 720 4 1 9 45 64 1 60 2 1 36 1 1 9984 1 24 3 32 1 16 5 1248 1 80 1 0]
[0 1 4 1 2 1 12 560 3 72 1 5 12 72 20 2 1056 1 24 1 72 1 4 3 3888 54 1 216 3 72 2 4 9 17820 1 6 6 40 7 12 1 28 30 1 1 6 1 5 189 1 4 6 4 4 1 30 4 16 4 2 2 15984 1 2 1 48 4 6 36 1 60 1 1 1 36 1610 44 2 1 24 2 1 18 1 1 120 3 1 2 12 100 1 36 1 8 90 6 1 0]
[0 8 4 1 18 96 1 1 1 216 25 1 4 6 1 360 4 42 20 18 2 2 56 2 6 2925 28 7 2 2 2 3 1 1 18 8820 1 1 924 5 36 3 1 1 30 6 12 20 2 2 4 1 30 1 100 1 16 2 1120 3 1216 8 1 2 1 1 3 1 1 1856 1 120 1 12 4 1 2 3 8 1 6 160 6 2 756 1 4 4 4 720 8 6 5 4 12 2 1 385 0]
[0 54 1 120 1 48 10962 1 1 3 24 12 1 6032 6 3 1 24 6 1 2 7308 25 1 4 6 1 168 3 1 1 8 2 4 70 1 4 2 2 20 2 820 1 1 3 1 85376 3 1 4 1160 58 2 18270 28 1 3 1 1 10 1 14 783 116 174 2 16 10788 4 1 6 756 9 1 1 16 90 2 1 81 580 2 12 3 2 5655 1 10 1 1 24 1 30 1 4 1 8 3 0]
[0 2 16 1 30 6 1 1 384 16 1 1 6 35 1 1 24 1 1 1 1440 1 1 12 1 15 12 1 2688 6 2 48 12 2 1 3 30240 6 16 1 1 3 12 2580 210 28 2 4 27 1 1 329 1 78 1 1 6 2 40 42 8 1 1 3 8 1 780 1 9000 4 8 1 24 1 2304 1 4 4 128 6 1 1 3 24 1 1 1920 2 2 12 1 120 18 2 4 3 6 1 0]
[0 1 12 8 1 2 4 112 400 1 16 1 48 832 1 1 1 1 20 6 1 2772 2 84 12 1 4 120 1 8 1 2 15 4 1190 15 2 1 8 4 39680 12 4 1 144 2 1 4464 1 310 16 20 1705 8 8 1 2 6355 1 6 3 144 2 8 12 15 64 1 4 1 224 2 108 6 1 108 1 2 12 1 1 6 768 1 18 18 2 1 90 9 1 2 108 9 8 1 248 1 0]
[0 36 1 384 1 256 1 1 6 448 1 42 2 1 15 1800 15 9 1 6 24960 6 2 1 2 2 1 6 4 1 1 44 1 330 1 8 2 120 2 1 9 2 1 1032 1 16 12 8 1 4 1 32 3 2 1 5376 12 82 4 2 24 1 252 2 1 24 1 3 3 64960 1 30 1 2 8 1 3136 1 768 6 3 8160 1 44 4 1 2 2 2 6 1 2 24 4 132 1 56 4 0]
[0 3 4 3 3 120 16 4 4 1 20 22869 1 4 9 1 10 1 630 1 2 3 8 2 2016 3 330 4 1 3828 198 1 4 36 1 6 1 2 12 12870 1 1188 8 50 1 1 6 8 1980 9 4 1 3 15 1188 2 1 90 1 1 9 2 2 34650 4 1 4 64 2 1 18 132 3432 10 1 1 3 2 5 26334 12 1 4 480 1 1 144 8 2 1 8 108 1 1 16 891 6 10 0]
[0 1 2 96 24 1 16 1 8 2 2 56 4080 2 1 48 1 2 1 32 1 2 100 31280 2 48 1 4 60 1 2 25296 36 1 2 8 11016 8228 2 1 72 3 12 1 6 144 1 6 1 1 36 48 1 8 1 24 2 16 4 2244 1496 27 1 2 27744 6 10 6 1 64 2 270 2 1 60 322 1 8 60 4 1 4 8 10 9 90 2 1 102 306 2 1 16 2 4 1 2 1 0]
[0 1 2 1 12 4 1 8 6 9 4200 1 10 16 2 4 2 420 1 1 1680 2 1 12 1 2 3 8505 1 4 54 2 2 36 1 32 4 1 8 128 6 1 2 4 1 4 2 32 576 1 1 3 224 1 48 1 11760 1 2 2 2 1 12 210 8 3 1 1 2250 6 1 2 8 6 1 1 120 8 1 1 1 60 1 6 2 1 270 84 20 81 1 4 1 2 80 2 1 84 0]
[0 12 1 240 1 4 2 8640 1 2 6 1 5 130 36 2 2 2 60 4 1 8 31680 4 2 8 1 20 6 30 1 1 12 1 250 1 2 2 1 15 1 1 54432 1 20 1 28 1 72 10 1 120 1 2016 1 6 1 8 12 1 140 8 1 1 3 14256 16 1 4 1 576 1404 1 864 6 24 2 1 300 27 1 1 6 24300 2 10 1 2 2 1 40 12 1 24 1 9 18 1 0]
[0 1 12 6 1 1120 1 10 2 4 1 9 5 40 1 2 1 2 36 3 32 1 1 3 16 12 1 1 1 2436 10 4 1 12 1 10 21 42 2 8 2 16 4 4 2 2 6 12 1 63455 1 6 2 3 50 24 6 1 1 1080 1 36 2 2 18 2772 1 120 8 1 4 1 6760 3 1 1 60 16 1 4 1 225 13024 6 54 135 1 8 72 1 7400 2 1 3 512 1 4 2 0]
[0 570 152 2 24 4 1890 8 9 12 18 1 4 208 1 12 6080 1 20 1 1 1 8 60 4 2 50 1944 1 4 18 8 76 18810 2090 1 18 3 1 300 12 1 2 220 5 12 2 2 36 1 8 18 4 1 99 1 1 15 304 1 56 1 152 325 1 6 12 2 22800 18 1 8 1 8 1 18354 1 2 1 6 1 1 112 7 2 1 6 3 1 1 14 8 4 18810 1 2 6 1 0]
[0 1 8 1 1 3 48 1 1 12 1 1 1 12 42 45 128 4 2 2 96 1 4 3 2 1 12 1 20 1 180 1 7488 1 4 7020 2 1 66 1 120 12 4 42 1 20 1 1 1 1 2100 4 1 1 1 70 12 5 1 16 1 8 2160 1 8 1 128 1 8 1 8 1 96 1 10 2 21 4 3 36 3510 4 96 1 56 1 6 72 2 4 1 1 1 96 2 24 2 8 0]
[0 2 28 12 4 16 1 2 1 84 2 12 480 1 2160 1 2 15 9360 80 4 54 1 4 112 3 37440 2 12 90 1 24 1 8 1 12 4 1 21280 2 112 1 1 9 4 1 36 9 96 1 2 432 2 6 1 4 1 6 36 1 2 3 32 1 1224 1 2 27 1 2 1344 6 2 1 8 1 88 1 4 3 3 1 30 1 504 36 1 1 6 20 6 2520 480 6 2 3 1 2 0]
[0 15 246 3 1 1 12 1 120 1 360 35 6 1 4 1 256 123 1 2 30 1 2 1 4 6150 1 6 1 1 5 5084 84 1 12 1 36 18 1 420 1 2 12 360 2 24 6 1 90 4 24 1 1 15 72 4 1 126 1 4 1 12 1 4 42 3 410 2542 18 6 1 135 1 2 1476 138 1 150 75 38 1 68 1 4 9 1 1 72 1 48 1 8 3 1 1 8 6 328 0]
[0 1 56 1 1008 8 1 32 672 2 14 144 1 96 1 3780 1 20 6 16 1 396 6 2 1008 15 80 1 1 6 225 3 3 24 1 60 2 1 2 4 10 1476 120 1 1 12 1 1 1 8 1 18 330 2 2 21 108 1 2 10 4 28 4 1 2 12 1 2 1440 140 2 2 2 144 1 2 12936 1 2 48 1 1020 1 1 18 2 6 1 40 2 360 1 288 1 50 54 1 24 0]
[0 8 3 2 1 15 4 2 192 12 1 60 1 2 4 1 128 3 1 1 1760 1 28 1 864 2 3 270 1 2 3 4 1 24 1 4 5184 2 24 6 4 6 1 1 96 258 1 360 2 12 2 2 90 3 1 1 6 2 972 3 4 1 6 2 2 1 32 36 180 1 2 1 96 1 8 2898 2 2 18 1 3 45 1 24 126 6 8 6 36 1 4 36 1 6 3 12 1 4 0]
[0 2 1 48 2 630 144 1 4 1 16 1 144 6 1 24 1 4 1 342 1 1 58080 330 1 1 1 1 40 4 2 1 8 1 216 1 2 105 1 2 4 1 336 3 8 1 16 1 36 210 3 1 1 18 2 2 3 24 3 1 1 8 8 2 1125 1 1 2 2 12760 144 30 2 24 1 4 3696 2 2 2 360 2 1 2 32 1 216 2 1 3402 1 8 2 1 3 36 12 1 0]
[0 12 1 2 288 9 1 4 16 2 24 4 180 1 30 405 48 1 30 2 12 3 4 1 18 1200 1 4 1 160 1 9300 6 4 1 72 130 77 1 4 1 16 1 8 28 2 384 2 4 1 288 2 4 1 128 1 168 1 4 1 616 1 4 1 2 12 8 1736 1 58 1 2 1 4 60 3 1 1 6 1 36 2 48 4050 1 12 1 2 2500 4 3 28 30 2 8 1 2 90 0]
[0 50 8 160 1 1 6 80 840 168 1 1 1 16 1 675 10 4 1 1 1 48 12 2 1080 1 16 1008 12 1 24 1 2 168 6 1 1 1184 3 120 2 8 6 6 1 180 1 36 1 48 1 96 189 4 1 8 2 12 1 6 3 2070 4 12 1 1 375 2 2 1914 1 1 72 1 2 12 10 92 8280 48 1 1 1 40 2 216 4 1104 6 1 864 1 1 54 1 4 168 1 0]
[0 10 2 1 36 1 30 1 32 1 8 24 1 20 1 8 1 2380 1 384 2 2 1 60 1 8 1 4 80 2 1050 26 1152 1 8 1 16 1 252 1 28 51 8 2 96 3 1 1 576 1 2 4 1 4 1 8 2 1 4 40 24 111 16 1 2 4 128 1 32 1 18 4 1 9 1344 3 4 1 720 1 216 12 4 2 9 8 1 1 3 6 2 1 6 144 5 78 6 8 0]
[0 1 4 108 1 12 24 24 1 6912 1 1 1 72 6 1 45 1 12 1 12 1764 1 89424 4 1 16 80 1 6 4 1 896 1 10 3 1 6 1 20 1 6 1 1 6 1 168 1 1 6 36 1 4 504 3 1 8 4 10 1 1064 4 1 60 36 1 6 2 1 12 6 2 1 43200 1 4 1 32 1 8 2 936 1 1 6048 2 112 24 1 1 2 3 1 3360 12 1 4 1 0]
[0 28 3 1 2 3 1 3 16 1 630 1 8 15 67228 6 768 1 216 2 1 6 16170 1 6 432 4 1 4 7105 1 4 1 6 1650 8 32 1 1 1 360 4 2 12 1 6 6 9 4 1 24 10 2 1 48 168 1 1 72 60 1 2 2 1 150 48 2 24 720 1 1 45 3 2 54 2 2 15 98 1 1 12 336 4 2 8918 6 1 6 4 15 2646 6 1 2 1 8 2 0]
[0 1 48 2 3 48 144 1 2 2 2 88 35 1 12 1 1 9 3 105 6 1 1 6 120 1 1 1 1 435 1 4 216 9 3 1 8 2 90 2 8 1 6 135 4 1 9 24 1 2 3 1 1 48 1 1 1 144 1 8 4 216 5 1 1 1 1 5 2 32 25200 4 676 24 2 1 4 6 2 432 216 1 4 1 6 1 4 1344 250 8 1 1 1 50 2 3 72 1 0]
[0 60 4 6 792 1 1 1 240 2 1 45 3 12 1 1050 1 12 1 48 3 12 84 9 1320 1 4 18 4 1 1 1 24 4 1 1260 2 1 36 2 1 8 32 35 8 1 1 1 160 1 36 1 4 54 1 8 1 4 1 4 1 4 216 39 4 14 15 310 1 36 1 2 312 2 1 2 480 2 1 60 2 1 2 96 144 52 2 1 18 1 2 12 27 1880 12 2 12 12 0]
[0 9 1 2 72 24 1 12 8 36 18 2 24 1 900 1 18 1 4 27 1 1 12 1 96 3 576 1 6 18 4 8 108 1 1 560 2 6 2 960 8 1 1 1 4 144 1 1 1 300 1 1 3 1 30 1 28 32 3 8 20 1 2 2 1 175 2 9 4 1 280 1 2 264 6 828 4 1 48 1 48 1 18 2 1 3 1152 1 2 54 1 4 1 40 2 1 12 2 0]
[0 2 2 30 1 2 1 1 32 42 1 1 6 1 15 180 4 1 351 2 1 12 1 4 1 3 16 3402 2 1 9 2 1 31185 12 1 2 12 1 4 1 8 72 2 96 1 126 1 8 9 1 1 147 2 4 3 2 1 192 1 20 2 40 1 64 4 1 1 96 2 112 1 6 6 1 30 1 24 3 2 1 60 1 2 6 1300 1 42 4 2 2 36 2 2 384 24 2 1 0]
[0 1 2 288 2 1 2 240 1 2 2 4 40 260 2 6 1 6 72 1 440 3 6 18 12672 1 2 2 1 2 12960 1 2 1 160 4 8 6 48 1 140 12 1 2 2 8 1 280 1 18 12 16 1 2 14 3 96 2 2 12 3 48 1 18 1 6 864 2 2 18 1 4 2 2 56 16 3 4536 4 1 432 6 1 2 72 2 1 16 1 20 10 1 1728 1 4 1 112 168 0]
[0 168 24 3 1 6 1 5 1376 1 300 4 1 1 1 360 12 5 6 6 1 378 4 2 4 1 12 2 8 81055 1 4 9 36 1 2 1 4 1 18 2 1 156 4 1 3 2 1 216 16 1 6 2 84 15 2 1 36 1 24 1 4 3 140 12 1 1 36 1 4 16856 1 48 1 48 1 14 6 1 8 1 1 3 4200 4 1 12 1 16 3 4536 2 8 2 112 1 6 1 0]
[0 1 4704 1 4 1 192 12 1 12 1 20 4 312 6 1 6 1 864 1 56 1 48 1 2 14 520 12 1 6 5040 12 1008 1 28 96 2 2 6 4 4 1 252 1 4 7560 1 18 2 1 12 288 4 36 2 1 2 1 4 192 1 1 30 8 1 1 1 1680 180 1 1 54 1 18 180 2 2 252 7560 15 72 6 7 3 1 1 180 2 2 1 2 10290 1 200 15 1 2 6 0]
[0 40 4 1 4 1 20 1 16 1 12 9 1 2 24 1230 56 2 10 24 1 8 2 42435 12 2 1 3 1140 2 2 1 96 2 2 36 3 1 266 1 12 27 1 2 1584 1 10 1 1 3 1 20 1 1 9 4224 1 24 1 4 3 108 2 1 96 10 738 2 1 2871 4 1 16 1 1 3 4 15 10 1 40 2 4 2 672 1 4 1 32 1 8 1 288 2 1 16 1 2 0]
[0 1 4 60 12 96 1 4 5 6 3 2 864 1 2 3 5120 2 2 1 8 20 1 4 96 2700 2 8 14 1 36 2 1 54 1 4 1404 1 10 480 2 1 24 420 2 4 4 1 150 4 400 28 1 24 1 1 12 1 70 1 200 1 2400 2 4 1 1 1 1080 1 480 1 162 2 4 36 308 2 1 9 2 1 3 2 1 23400 1 16 6 1512 144 4 1 36 6 2 9 4 0]
[0 4 1 24 1 6 18 108 8 2 1 2 24 2 1 3 24 1 1 114 2 1 924 3 1 1 12 1 6 1827 2 15 2 1 4 1 396 4 1 2 1 4 2 1 4 1 2 1210 1 1 1 1 1 1 1 48 1 1 660 6 1 32 1 8 4 3696 20 4 4 14 1 2 9 28 3 2 6006 2 1 405 2 12 2574 8 1092 1 216 1 2 18 1 1 2808 3 2 1 16 1 0]
[0 1 32 1 16 2 2 1 8 252 1 24 1 2432 6 1 9 104 2 4 1 16 1 1104 4 8 1 1296 2 2 1 35340 6 1596 8 2 12 36 1 4 144 99 2 1 48 1 2772 1 24 1 4 2 210 4 10 15 12 3040 1 2 228 2 2 270 4 3 1 1 4 19836 48 1 1 9 24 1 2 108 60 1 4 1 3 1 2 12 2 14 7000 1 48 2 2 240 1 546 1 12 0]
[0 444 2 40 4 1 4 1 5 27 6 1 45 1 2 48 1 44030 1 12 4 1 160 2 1 6 19240 3 1 2 48 1 2 1 8 8 252 1 1 1 1 5 6 504 1 1 9 120 1 1 6 1 30 1 350 1 1 1 8 10 4 12 3 2 144 8 1 135 13320 30 1 4 4 1 25 414 1 4 1 8 1 5772 1 180 18 36 1 24 3 3996 2 60 1 4 10 1 196 2 0]
[0 6 1 2 264 216 12 9 30 972 1 8 54 32 4 1 1 8 4752 1 2 1 12 6 8 1 9 4 6 348 18 2 8 2 1 1 108 1728 1 8 132 6 24 2 4 216 1 1 1 32 1 264 2 168 1 6 360 1 4 24 2 222 27 1 1 3 3 40 1 16 1 33696 3 4 2 184 18 1 30 6 6480 2 20 3 2 1 18 6 4 2 1 4 240 1 224 1 2 1 0]
[0 1 4 42 5 20 2 1 12 1 420 4 1 4 1 40 480 1 2 16720 70 6 1 8 1 1 1 12 1 1 66 30 1 198 116620 6 1 2 15 12 2 1 18 1 2 2 16 1 2450 27 2275 3 1 6 162 1 6 2 1 9 1 1 6 78 2 9240 8 1 90 4 1 54 1 48125 1 1 2 8 3500 1 288 1 10 26 16 1 8 1 4 6 4 1 6 18 1 6 1820 3 0]
[0 2 48 306 3 1 480 2 1 1 4 120 1 4 4 1 2 1122 2 6 200 126 2 32 2 51000 1 6 1 1 3 2 14 2 2 28560 1 12 126 2 952 2 28 6 32 1 24 588 3 2 1 272 132 2 8 1 16 4 50 4 2 8 1 374 102 1 900 16 4 1 1 1 15 1 8 14076 1 4 1 80 1 8 1 6120 1 30 1 16 27 6 12240 448 2 1 12 8 1 2 0]
[0 24 1 16 1 16 2 6 1 36 6600 1 24 1 64 4 256 2 1 6 40 1 128 1 14 2 32 1 12936 3 36 1 16 28 1 8 2052 3 1 1 4 12 2 4 1 81 1 1 72 1 4 18 9 1 2 30096 6 2 2 6 8 1782 12 3 3366 4 3 36 1 4 1 8 1 1188 1 1 270 1 6 1881 1 80 6 28 20 14 144 1 1 1 8 1 36 1 1 3 20 3 0]
[0 1 4 18 1 200 1 4 12 2 10 5280 192 240 1 2 6 1 4608 1 24 10 1 90 8 1 9 10368 1 768 1 4 60 2 48 1 9216 1 24 2 1 6 1 1 720 2 4 16 1 120 4 1 2 16 800 1 2 2 1 780 1 2 2 1 160 72 1 2 9 25 1 2 2 1 38400 46 2 12 2 14 9 1 1 6 1 4 21 1 4 72 2 24 108 6 64 3 1 1 0]
[0 8 1 4 3 5 18 1 3 1 1 3 72 1 6510 40 36 2 1 36 2 1 18 2 1 36 1 945 8 1 1 3 50 1 1 12 6 15 570 12 9 1 24 300 1 72 1 4 1 16 2 1 3 90 1 8 45 1 6 234 35 8 96 1 2 8 1 20 186 93 7 5 21762 14 1 207 3 1 1 12 48 1 1 18 1 1 44 1 4340 4 2 1 2 60 1 126 32 1 0]
[0 81 8 1 48 60 120 540 2 72 12 32 1 40 1 90 1 2 30 25650 12 4 1 90 4 2 4 1 108 4 1260 16 1 96 12 2 1 168 5700 2 42 8 1 5 10 1 24 12 3 90 300 3 1440 1 4 1 5040 8 1 1 1 12 2 12 24 3 3 3 4 3 40 1 20 2 2 115 8 1 360 1 4 1 40 12 6 8 480 6 144 2 8 2 20 4 6 1 2 3780 0]
[0 1 2 48 5 2 16 1 4 30 2 6 3 1 1 30 8 150 2 1 6 1 264 4 1 75 15 1 2 1 4 32364 6 2 1 3712 1 2 36 1 36 1 2 43 406 10 4 1 784 1 2 6 2 1 4 168 4 1 4060 2262 6 6 1 1 18 1 20 6 2 1 8 18 1 1 60 667 4 1 1 1 4 24 1 1 1 4 1 18 1 2 18 18 1 60 2 1 4 1 0]
[0 2 24 1 1792 1 1 12 1 15 1 1 72 1 1 4200 1 6 1 2 4480 2 8 1 192 4 4 3 32 32 6720 1 4 2 3920 4 1 24 1 120 1 8 1 12040 2 4 1 24 1 1 12 1 2 37800 1 1 1 16 90 20 2 1 2 480 1 1 1 70308 56 1 336 1 36 6 1 70 660 1 1 210 1 80 44 4 756 8 1 12 2 1000 3 1 1 3 560 252 5 112 0]
[0 2 6 8 2 81 1 2 27 9 4 2 2916 1 32 6 1 1 24 18 1 7938 1 810 1 1 72 6 1 1 6 2 38880 1 126 1 1 1 1 1 24 99 28 1 2 1 13662 378 10 7938 2 12 9 5 35 1 20 1 2 24 1 5180 32 2 216 12 42 1 1 189 4 3 1 1 60 1 308 1 72 2 288 1 8 1 1 3 144 1 30 7 16 1 1 6 48 3 1 1 0]
[0 1 40 2 1 2 1 40 6240 4 1 72 3 8 180 1 1 1 8 1 120 1 9152 1 4 2 32 1 8 1 288 1 2 24024 1 4 1 832 1 24 1 10 9 4 18 2 30 1 2 1 4 108 1 2 18 1 2 144 4 2 380 1 4 1 4 1 60 1 84 2 8 1620 6 1 1 3 5 49140 2 1 42 8 16 70 2 4732 5 1 4 1 2 7280 8 1 2 24 3 4 0]
[0 6 3 108 12 1 40 1 36 1 10 4 1 1 3 45 6400 4 750 1 2 72 1 6 3 1 1 24 2 36 1 2 576 3 1 504 21 1 8 6 4 24 2184 1 6 1 1 40 2 14 24 3 12 1 1 52 10 3 16 1 76 4 4 16 1 4 1 756 4 1 4 1 200 6 1 45 9900 2 16 40 1 1 6 1 144 9 120 360 1 16 6 8 5 4500 2 6 1 6 0]
[0 2 1 2 1 30 1 16 2 108 144 144 1 8 18 7 8 5 7 570 1 6 2 1 2304 240 2 3360 1 2 6 2 4 1 4 1 9 840 1 2 1 16 1 24 1 40 4 1 3 24 4 1 936 3 96 24 8 1 12 2 480 1 4 1 4 960 7680 1 10 90 3 1 1 56 14400 1 1 1 8 1 120 4 16 4 8 1 3456 1 8 1 8 2 2 3 18 6 1 2 0]
[0 2 1 2 40 1 48 1 1 3 16 16 27 2 1 12 1 8602 1 4 2 460 1 4 1 4 23920 1 10 14 3 1 1 3 1 18 900 3 48 2691 3542 1 2 3 3 1 117 1 2 4 1 8 1 8 3 4 1 8 1 2990 1 8 145728 20 12 42 1 1 1 4 1 18 33488 1 12 2 8 4347 2 12 1 1 6 1 6 2 1 18 1 1 18 1 2430 3 2 1 640 4 0]
[0 3 96 4 1 30 1 64 2 3960 1 3 1 48 1 1 28 4 10 228 1 2 72 24 4 12 1 4 6 4 2 4774 12 528 40 1 4 1 12 48 1 8 1 8 6776 594 1 3 1386 40 9 24 1 660 1 10 6 352 1 10 12 16280 35 3 1 2 18 6 1 812 12 8 1 72 3 1 1 9 1 1 18 8 144 2 1848 3 8 2 480 1 2 30 24 2 1 18 2 1 0]
[0 1512 1 1 24 3 2 1 4 40 4 1 4 1 504 4 1 18 1 2 180 2 550 9 1 1 6 60 2 1 10 1 21 3 1 1 12 1 4 7 80 4305 756 3 6 1 6 48 1 4 1 9 252 12 1 6 168 1 6720 1 2 6 1 48 3 1 1 10416 1 1 1 12 1 1 252 4 16 1 252 28 1 1 3 6300 6 2 72 1 2 12 6 4 1 168 3 42 1 2 0]
[0 1 16 2 8 2 6 4 4 36 1 1 18 28080 1 72 1 2 6 8 4 1 36 1 32 1 4 1 4480 160 1080 4 1 8 20 3 6 6 1 90 9 1 40 36 1 4 45 2 2 1 4 47940 2 2 120 1 1 84 4 1 2 64 8 1 6 960 2 12 4 320 1 6480 6 6 1 60 18 2 1 18 1 16 640 4 1 1 3 625 2 7 12 1 1800 1 8 1 2 1 0]
[0 2 1 162 2 1 9 1 2 27 16 32 1 6 700 1 6 1 4 75 1 4 2 2 15 9 16 4 6 1 64 1 4 1 4 630 1 20 1064 3 2 12 1 4 2 175 4 1 18 2 1140 1 24 1 2 1 6384 2 1 18 4 3 1 1 16 1 24 1 28 1 162 6 1 63 4 10 1 96 2 1 931 17 1 84 2 3 12 1 1140 9 1 4 12 2 2 8 4 8 0]
[0 1 288 2 80 3 2 16 4 1 2 12 144 1 16 1 16 850 1 1368 30 2 8 162 1 1 300 1 1 12 1 20 4608 12 324 126 180 1 80 1 2 6 22 8 1 1 1 12 240 32 2 216 1 4 2 3 1 2 4 1 8 2 22 22680 72 1 2 2 16 18 4 1 224 3 1 2 160 1 6 2 2 1530 4 2 72 1 15 4 1 4860 8 1 1 9 192 1 30 7 0]
[0 12 1 2 4 10 36 2 1 6 32 1 108 1 3 1575 2 1 84 2 2380 1 4 1 16 1 4 2380 1 66 2 1 10 1 6 6 1 13209 1 1 459 8 2 27 2 4 1071 4 1 8 1 16 2 504 3 20 2 24 8 75 2 1 3060 1 2 6 15232 15 33 2 1 2 1 5 24 2 2 48 1 10659 1 32 2 1 9 32 168 6 2 1 27 56 9 60 1 36 1 5 0]
[0 20 2 432 32 1 64 4 36 84 3 1 1 180 1 1 3072 2 2 1 2 10 1760 64 3 1536 1 1 72 1 1 36 35 8 2 8 1 1 12 112 1 1 1 172 1 4 1 132 8 1 8 1 216 1 6 2 1 8 1 5 36 21312 1 8 2 1 64 2 2 1 162 128 6 2400 2 1 4 7 50 1 60 1 36 4 1 9360 1 2 1 128 1 6 2 8 1152 2 4 1 0]
[0 1 6 2 2 750 24 1 1 12 60 140 24 1 1 18 2 6 648 8 1 12 1 1 1296 75 2 4 1 28 2700 2 3 2 1 3 108 1 1 11700 1 4 16 20 6 2 8 1 225 2 8 270 1 60 300 2 32 1 14400 3 150 3 6 3 4 100 1 1 6 580 1 1 1 1 360 2 1 2 3 80 2 4 1 96 4 1 24 825 4 1 96 1 1 1 1 5 2160 1 0]
[0 6 30 1 1 6 1 168 36 1 16 1 1 3 630 6 1 1 20 1 3 1 2 108 672 1 64 3 4 1 48 1 4 1 48 6 1 6 10640 1 1 6 1 70 112 490 1 8 1 16 6 1 9016 1 1 30 3 2 1 2 75 8 2 1 2 30 2 2 45 6 6 4 1 12 2 1176 1232 1 2 1 1 15 1 1 192 1 120 15 1 24 1 1 210 12 1 42 4 1 0]
[0 1 2 30 6 4 1 42 2 12 1 4 12 1 546 1 4 1755 1 8 2 8 1 20 1 20 130 2 27 10 2 780 3 2 2 4 2 4 2 16 2 480 1 6 1 1 40 14664 2 1 2 16 1 120 2 2288 1 7462 4 1 1 1 16 2 42 128 3 16 2 1508 6 9 12 28 1 1 6 12 1 60 273 325 18 8 2 12 780 2 48 1 2 6 72 2 3 27 2 1 0]
[0 2 2 2 80 1 1 6 1 45 150 6 1 24 1 900 96 1 288 2 1 9 32 1 8 1 2184 4 1 1 1 60 1 42 24 3 2 6 3 1 1 3 1 72 40 1 2 1 24 288120 1 126 12 1 45 1 1 3 2 150 2 66 75 8 1 8 1 2100 1 10 3 4 1 9 18144 16 1 1 45 1 4 2 1 1680 1 2 30 1 700 16 3 1 1 40 1 72 12 6 0]
[0 18 10 2 1 16 1 231 66 2 44 4 60 330 1 1 3 4 1 798 24 1 12 1 6 1 2 60 16 3 4 6 160 44 6 4 1 132 2 4 180 2 4 1 96 3 4 4 2 1 240 2 1 4 8 2 528 6 1 2 198 1 660 5 6 1 1 9 30 3 2 1 20020 1 2 3 6 2 2200 4 1 24 8 1 144 8 2 36 1 378 36 2 2 3 10 1 2 112 0]
[0 70 1 40 4 1 10 1 98 1 2 220 3 28 1 8 160 1 16 1 4 1 4 6 1920 1 4 1 4 1 240 2 128 3 1 2 320 2 8 2 64 1 1 6 1 120 1 1 160 10 1 18 1 1 250 1 4 2 25 330 6 1 3 1 30 8 6 1 2 4 18480 36 1 2 60 10 21 6 1 4 18 1 1 2100 1 4 1 4 60 1 1 1120 9 200 1 10 120 1 0]
[0 3 8 1 6 12 2 56 3 1134 5 8 1 2 36 40 4 72 3 684 2 252 8 1 16 4 36 50 40 1 1 1 864 12 2 243 2 1 1080 1 12 8 2 18 2 1 864 8 1 9 270 1 18 2 6 84 1 2 9 2 1 18 21 4 1 1620 2 2 4050 12 6 2 1 128 1 20 2 6048 1 2 1 320 4 4 1 312 8 1 3 4 1 108 1 2 63 4 1 54 0]
[0 1 12 5 32 84 1 2 2 1 10 616 1 4 8 1 2 1 28 1 2880 3 2 156 2 40 1 1 12 392 6 4 1 3 2 1 26 6 5 2184 80 2 1 48 1 240 12 1 64 1 12 1 28 320 1 2 16 1440 12 3 1 1 24 1 1 48 20736 12 3 2 1 270 1 2 4 1 2 1 12 80 15 1 2 72 3 4 1 96 32 24 72 1 1 18 28 1 1 15 0]
[0 1 14 28 1 2 16 80 1 12 2 1 36 1 2 12 2 56 1 4 160 1 2156 2 1 80 1 12 1 2 12 2 4 32 1 4 70 3 2 1 4 5166 44 1 105 2 1 96 3 1 1 160 15 1 4 1344 3 1 2 3276 3 24 1 128 15 4 2 2 1 6 2 56 4 6 30 1 1386 6 6 1 96 1 48 1 8 1 288 1 1 21 224 4 360 10 2 12 1 1 0]
[0 12 1 2 24 240 1 8 3 72 8 8 120 6 112 6 1 10 192 1 2 1 20 828 6 1 162 12 2 594 1 1 18 45 5 2 18 48 1 12 6 8 1 3096 1 24 1 24 1 24 1 2 2 2160 6 2 6 4 1 108 20 1 252 4 1 4 1 8 2 378 12 1 18 150 1 2 1 4 1 432 6 6 6 4 1 234 1 44 2 1 12 1 1 3 1 1 288 6 0]
[0 1 8 12 2 3 1980 1 2 6 2 1 540 1 4 1 24 1 1 42 1 243 2 1 120 8 1 4 1 5 60 36 1 2 2856 2 1 6 18 4 1 28 50 1 8 1 2 50 3 490 6 3290 1 10 1 2 2 4 125 1 1 6 1 350 12 1 54 1 30 2 1 176 5 2 6 28 2 1 8 1 1 1 825 6 12 10 120 1 90 1 2 8 3 30 3 210 2 1 0]
[0 8 1 6 1 1 3 2 16 1 800 1 4 2 112 160 48 1 32 2 2 2 4 64 1 1 3 540 144 12 1 2 96 12 1 780 20 3 1 1 3 5 1 2 54 6 32 1 104 8 1 4 12 32 2 54 1 2 15 2 8 18 2 80 1 8 1 992 3 48 1 1 1 1 10 360 2 6 63 1 1 90 3 60 1 4 12 6 2 12 27 1 1 30 12 1 8 1 0]
[0 1 4 2 18 1 24 1 840 6 6 1 1 735 18 1 1 1 1 1 240 2 1 9 12 2 18 14 1 4 2 12 1 2 272 2 1 18 40 60 6 8 6 84 12 1 2 18 8 1 882 1 1 9 3 1 6 105 27 6 1 4 3 10 1 20 1 837 1 4 27 2 4 216 1 12 1 72 4 1 32 2 1 2 1344 1 2 9 1 2 3 126 1 1 1 48 1 30 0]
[0 4 4 8 1 3 1 840 3 1 1 12 210 1 16 1 1 1 8 36 40 24 4 4 2 100 4 1 4 1 2880 1 1 3 36 2 8 1 4 4 1 2 2 54 4 1 72 2 8 52 2 6 10 2 2 6 2 2 12 1 16 1 312 4 10 1188 48 6 1 1 32 2 1 2 160 2 80 2 1 16 24 4 2 90 6 4 1 6 12 1 8 1 20 20 1 1 6 1 0]
[0 1 1 1 4 1 1 1 2 1 20 14 1 8 1 180 3 12 1 456 1 1 45 2 1 6 1 4 12 2 1 2 12 165 4 1 1 6 24 2 2 48 3 1 1 140 1 1 3 8 1 6 147 1 2 54 1 1 1 1 1 2442 1 1 1 3 1 1 63 4 1 280 2 4 4 1 1 3 42 1 2 18 3 30 1 1 12 1 1 6 16 1 1 1 308 1 2 1 0]
[0 0 0 0 0 0 0 0 0 0 0 0 0 0 0 0 0 0 0 0 0 0 0 0 0 0 0 0 0 0 0 0 0 0 0 0 0 0 0 0 0 0 0 0 0 0 0 0 0 0 0 0 0 0 0 0 0 0 0 0 0 0 0 0 0 0 0 0 0 0 0 0 0 0 0 0 0 0 0 0 0 0 0 0 0 0 0 0 0 0 0 0 0 0 0 0 0 0 0]
